62

College-dictaat van een der studentem (Dogmatiok).

171111 6111 land inworkon, nl. 116166611111 1161 land 2611 66661116111 611 (16 16116611,
(116 61· 171111 111111611 111 op inwoskb, (16 16111616 1116161· was 11166611611611. Zoo ook
1111161611 xvij 6116 11161, bij 116 666111116 Dei 11161111, 6611 1116116111 1161111611, 1116 666-
1161161 rapport 116611 11161 (16 (11161-11 Dei 111 (16 1111111111, ,,(161·166111·161116116611” 111661
voorwerp van beschouwing 21111]

Ζ661· 261161· 16 61· 111 (11611 1116116611 (66111116 Dei 11161111, ook 111 116111 1161 1161
66111611 16116161116, 111111616 1171116 (116 1116116611 11161 1111111· (16116 1166111 6666116666.
Dooh (116 cognitio 16 111 116111 11116611 6616611661, 11161 1116111661. Η61 16 6111166 1116
1161 117116 11161 (16 6111111111611616 1111 (1611 11111 van (16 Ρ11111·116’6, (116 111611 111 (16
661-(6111166611 116611 66ν61111611. Α1 (116 (161261111611 ι1111611, (1111 26 (111111- 66166611
haddon, 117116 61· 111616 1111 661176111611. Ζ111 61· (11111 66611 1617611 in? Ongetwijfeld‚
26116 117116 (16 1116111111116111 61161111, 11711111 11111161 111611 26 had 6621111111, 16 61· 1111
(116 iai-we 6611 66117116 61166611161611, (1111 11761 (11·1611111111 266 111116 611111611661 gaf
(116 6116 116616 1161-611. Mam· zooiang (116 161-11176 6616616616 111661, 1111711111 61· 111616.
Ε61·61 111 aanraking 11161 (16 6161116111611, (116 111 11111116, 1116111 611 11111161· 6611611611,
61111171111161116 26 111116 1161611116. 1717611111, bij (1611 1661111611 1116116611 16 1161 111-66166
266. 51611, 1161 266 1611161111 1116116111111111 1166161111, (11111 26111111 2661· 261161· (16
cognitio Doi 11161111 1161111611, 11111111· 26 2611 1161611116 111111·611; (11111 2611 61· (11166-
11171116161 6611 261161· 116661, 66116 661171111111761111116, 6611 11611161· divinus (1661· 21111
11762611 6111111, 11111111· hij 2611 61· 21611 116611 1·6κ6116(·111111 van imnnon 6617611, wat
(1111 1111 6166111111( 117116. 1361116111 111 6 61 11 6 1 6 6 111 611 roligionis 6 6 1· 6 1
6616611 1176111611 111 agro vitae, 2111 ool< (111 2111111 11611611171111116 11761161
6611161611 611 6111171111116 1711111111 111-116611. En 11161266111611611111611111 11166111616616611
111 (1611 111( k 61· (16 6 111 611 6 611 611111 611 16 17 611 6, 2661116 God (1111 666611-
611·11661·11 116611 111 (16 61111161116111116 11161 111111616 1116116611611, 11161 (16 1111111111· 611
11161 God 26117611, 111 1161116 triplex vim (16 61111161116171116 11161 (16 1111111111· 1161
2117111161, (116 11161 61126 11161161116116611611 111κ61· 611 (116 11161 6112611 (31611 1161 1111161
16. En 66161 1116 1161 66111611 religionis 111 6111111161 1161111 11161 (16 6161661611 vau
Gods 11761·κ1116611 111 (16 1111111111· 611 111 (16 1116116111161111·61·61(1 611 11161 (16 111111661611
Vtin God 111 211116 116166611111116 611611111111116, 66161 (11111 6611161 (111166111611 (16 kion]
1111, 111-1111 1161 21611 111 (1611 11111111 611 (11111161 1161 1611 616116 1116666111 611 171116111,
61 111. a. W.‚ (11111 611111 (16 cognitio Dei 11161111 over 171111 116166661611161661166111
6666, vam (1611 61111116 116161111116 16111611 611111161161116, (11111 11761111 116161611661161111621·
66111 1611 616116 Ε1·κ61111111166 (3161166, 66116 116116 6111111 Dei.

Hoo 111161 (111 176111111111 1116661161] cognitio Dei 11161111 611 cognitio 1)61111’(111161111
21611 1111 ν661· 111 (16 (11·16 61111116 hominis?

(1.111116111111611161111116.

(16111161 1611 6111611116 61611 111611 1161 1711111( voor, 1116 xva-S Α1111111 6611116661 111 (16
possessio van 66116 1611611166 6611166616, 1116 1161116116 van 66116 asgeweskte

