96
Collega-dictam] van een (101· 0100011100 (Dogmatiek).

000 11001011011110, 0011 21011 11011100 1111111· 0011 0011111110 0001. 130 0000101101ἱο 001·
1101100 0011111011 bijv. 110011 01· 100 11100000111011ζ1, 0111 1101 1011011 111111 1101 0001011
1111111· 1101 1110013011 10 1101·111111110011; 111111 110111010011001101111111011, 0111110100110
1101111111110100 111110 111111 1101 01001111]Κο 1011011 111111 Α210110.111·Ε111·01111.171000011111110
0111 0011 111101 00001000 011001· 00 Griekem 111 (10 1101111111 011 1101100011 (10 Alpem
0111111· 0111 111110 111001· 00110 Α2111110001·1110 111111 Europa (1110 0000 Ε111·01101111ἰο001·100
11110 Α210. 1111 1101 0001011 1101110100 10011 (10 1111001010 1001 111111110 11111011011111111111·
Β.01110; 01· 111110 00110 1100110100 1102100010, 00110 1101001100110 11110010 van 1101 1101-
(101100110 Α210 011 1101 1101001100110 Ε111·01111. 111 Α210 111110 2002001· 11011111000111001
111111 1101 1011011, (1111 011111· 001( 00 Christus 10 00110100 011 11110 011111· 11001 (10 0111-10101111ςο
11011( 10 0110000110. Van 1101101100 010111 (1110 11210 11100 011 Ζο10-Ε111·01111 1101111111,
10111111] 11110 1011010100 saamwerken, 0111 1101 101100 10 1101-1110111000 naar Noord-
Europa. Van 011111· 10 1101 111001· 0110100111110111. 1111111· 1101011101, 0111 daal· 011001· 0011
111011111011 1101111 011 10 1100011. 11701110, 200 10 01· 111 (10 00001110001110 111111 00
11101010 0011 1110000 111101 011110, 011101· 011 1101111110. Nunc quaeritur: Hae lcomt
dat? 110011 Alexander, (110 200 01011( 001110110100110110011, 1100001011011011011
1111111· Europa 01101· 10 1110110001) 110οΐ1 Κ11101 (10 (110010, (110 1110 (10 111111 (100
1111111100 00010100 01110 01111110, 0111 1101 1011011 111 Νο01·(1-Ε111·01111 10 1111οκκο11, 0111
1100001οῩ 1101111011 010 0100001100 (1111 01· 011 1000010011 ⁴? Νο011.1111101111100111101;
alles 170 condor afissfflaalc gyeyacm 2001110 1101 0100. (1000111001 (1020 1110000000 dan
bij gyezal‘? Νο011, (ἰαί leam niet. 011001· 111 010 1111111311 011 1101κ011, bij 111 (11111111011ζο0
00 11100100 0101111100 11101 000 1111111 111 2110 1100111, 01001110 0010011110010 11011011,
111-11111011 10011 21111( 0011 result-aut 00110100 1110101, — 110011, 0111 111111 1110121111, 01·
211 11001 10 11001 1000 111. «111, 01· is (1011 (1011110111110 911001 111, 01· 01001 0011 6101121111,
(110 (10 11011100 10101 011 1101 111 1100111011.

2. Hier 001111 1101201100, 1111111 111] 1101 1111110100-10100100100110 1101111Ῑο 002000 10,
11111111 1101 10 01010 (11111 (111 1101111110, 1000011001 op (10 historie. „Er 10 111111 111 (110
110110 (101· 1101κ011 0011 τέλος, (1111 τέλος 10001 0011 1100001001· 1101111011, 010 1100001001·
10001 11011100121111 1101111011, 000 10 (10 exsistentia 1301 110111020οΡ 130 panthersten
111111 1111011111 0110100 0111110 11101 11110 101111110010 00100οε ,1311111111001011 111010 11110.
1171110001 κ1111 11101 1101 01011001101111( 0001110111, 1110 00011010 0011011100, 2001001
01100111011110 110011101111’1111110111 1102111011, (1111 1101 200 110010110111119 Waarom 200
1000 1101 0101 111111010109ἱο071 Immune, (1011511110)ιὲ 0101111( 00110 11111111, 1111111· 11011011
0010010011 011 21011 001111111110101111, 10 0011001101· 2111 1110200, 011111·1111110 20 111001· 10
11110 111110, 1111101001 200 200 001< 0101 (10 0100011111οἰ0 0000 01100011 0110011100(Ἱο
00 11001110110111κ0 0011110111 10100011 21101) 71001· 2οκ01·, 111111 1001·111 10 11101· 0000
01101101, 11111111· (1111110010 111111 000 τέλοςς 1101 10 (1011000000, (10 11111111107111111-1101111ιί1,
(110 00110111 111 lev! mvnssclwlq‘q‘lc 91¹slzt(:ltl, waardoor 1101 1·1111.(100111(τ111100 111 110 1101·-
001111000100 11101111 1101·κ111111·(.”

