58
0011666-0161331 11311 een der studentem (Dogmatiek).

(1611. 1311113 1116013110 (1611κ1 bij ,,60(160161161” 01661· 3311 1616 3110616 (1311 3301161
316611166116 1166111) 11311 1110001116111, 1013310610 6112. Η61 1111316 16 1160661160, (131
10611 bij (16 8131601161131106 1130 011061661161060 1116661160 ,,60(16111’116111” 60 ,,60(16-
0161161”, 111 (11611 2111 01., (131 1161 661616 1130 66613311 316 1611311116 11001· εὐσέβεια
611 δεισιδαιμονία 611 1161 11116606 61160200 1111611111600 11001· λατρεία 60 θρησκία. Bi]
1161 661616 01061 111611 (1311 0161 0601160 3311 06 ,,111“11611160” 60 11316 6611016611,
111331· 3311 (16 ,,111·6626”, ef. „Gottesfnrclzt’⁷.

Ν3361 1161 1110010 ,,1·6]1610’7 1130060 (16 1100161060 001(110611611111001·0 ,,611ἷιιιὸ”,
031 1111 (1001· (160 10111060 11311 1161 Ρ1·3116611 611 111111 1161 kerkelijk La-tijn bij'kans
6611661 16 3166616160 101 1161 bag-rip van ,,011111611(11660 661“6(1161161”, 111 (16 116111,
160131 111] 0166111166 66166611116060. Μ331· (131 211 11161 111 ,,60161·6”, 1113311130 1161
16 &geleich „colere” 16 6611 11661 11111061· 11661111. 1166111111016 661011οκ1 111 1111011111-
king-en 316 601616 36111111, (111166, 1031113111, caesariem, 3011611101, 16113111, 061110,
1161661601 1161 altijd: 3311 1616 31 21]·06 3311036111 1111060, 61· 3311 (10611 11131 61·
3311 16 (10611 16. „Colere (1606” 16 (1116; 11161 00611, 31601 (16 600611 61· 11161 11113160,
111331· 11161 11611 16061160 611 31166 00611, 11131 (16 60060 11111160, (131 11111] (10611. 111
1161 1110016 1611611 211 (1116 6116112661· 61111116 316 111 (1611 16011161016061. 111331·,661131
ik 261, (116 116166116016 16 61 Van 3166616160, 60 (1116 hebben 1111] 001( 11161 11661
3311 1161 111] 0116 661111111ς6113116 16601110010 ,,611116”.

1361031116 11106160 wi] 111331· blijven gem-umen 1161 1110010 ,,60(16(116061” 611
(1331·0611606 ,,1·611616”, 661611 01126 11306160 (131 (160611. 1100131 1161 1331616 1110010
1161016111 10 (1611 16660111100101660 1110 11161 3301161161106. 116606 111 1161 begin 11311
060 1110611110 (161· 661·61“01·10661“060 611131( 111611 01161· „van (16 1611616 21]0”, 1111331·-
1066 11160 06006106 ,6616101016610 2110”. Μ611 1130 011 01161660011160 11311 06
111-30661160, (116 1130 06 1106600160 60131160 316 1130 „ceux 0613 16116100”.
Μ611 1111361116 21611 11161, (111 ,,1“611616” (1001· 6611 (11111336 1111116016 1111 0026 1331 16
111111160 1131111611, 111301 1161 116611 1106 (11611 1660611161· 60 11101661· 210, (116 110013]
10 0026 (13660 11311 koud 1311003116106 1130 1161 11110010 ι,600601606177 06111116 16
3166616160, 031 (111 bij (16 0100611160 26116 66062160 1110101 111 06 1113316 1130 06
0110111111006 „vri-je 111·0011111610”. Ζο00061106 16 00061 06 111116 3301611006 11301161
,,Ν111” 011 11110010 11216 110110 6611101060 611 0061 1161 u 0161 01661· 3311 60 116111131011
1161 11 0161 01661· 10 11111 6601060. Mam· 1111 ,16116167 1113011 11 111661· 166611 06
61060 611 11611111111111 11 1111661· (16 1111311016 11311 1161 1611606106610661, 031 0026 11306160
(11661 101 0611 611ῇο (166 6610016. 1131611 11116 (1116 01126 1331 11161 1161310160, door
11161 113361 1161 11110010 ,,6006(116061” 16116116 1161 11110010 ,,1·611616” 16 6611101060.

2. 8013111611 We 20061160 01161· 1161 1110010 ,,1·611616”, 111611-0111611101ίοίάθ wale zelve.
Sinds Schleiernmcher 16 1161 1166111) 1111113 311006 00661131 111 (1611 210 11311
,66111661111111101666 Α1011311611611κ611666111111”. 1161 111061 61116110

