241
college-dietam van 6611 der studenten (Dogmatiek).

Nu 16, 611 (161 1116116 111 111 1161106161 11161 111161 111 0111116111 1161 nomen mysti-
cum 66266ᾶ 11611, (16 1166111 Π1Π’ 611006 101 op 2611616 1100616 6611 nomen mysti-
cum yebleven. Door 11661 (16 666611166161116 17611 161661 100111 6611 11611, (116 6616161613.
(161 ΠἹΓΡ 11161 (16 661116611261116 1166111 16, 0111 (1611 116616 16 1106111611. Α11006 16
61· 6611 6111611611 1113111666661 6611 66661166, 1100161 111 161616 1136611. 136 Rabbijnen

1106111611 (162611 1166111 (1611 0011 (16 Πζ-’ῙΠ ΒΨ, (1611 1162666666111, 116666 2661· 171066

6611116 111611 (162611 1166111 ἄρρητον. Μ611 1161161) 21611 (1661106 op Exod. 3 : 15,
117661· 66162611 wordt: ῦ5315 ’161ςῇΠῇ 116166611 111611 6611161166; 57115 ’131ςό HJ, „om

16 17611161·6611”. 13661101] 116611 111611 (1611 1113 1161 661111311611 (162611 16661 66170166,
(161 111611 011661 (16 1601166166 (16 170661166116 van ’111-κζ 11621666, 6116611 11161 (111

1161661111, (161 (16 631176 compositum 6611 631116 simplex 11161(1,11761 116166111311
111616 6116166111, 1117131 6611 631116 compositum 111616 16 (1611 6611 631116 simplex.
111661· 11616161111 0111 (1611 1171116 11611 (1611 6611111661. Waren ΓἹῚΓΡ 611 ’ξ’ᾞκζ 11136611

6611066ᾶ, (1611 66111611116 111611 (16 116116166116 17611 Ξᾝ5ιξζ· 13111661616 6666111661
6116111116] 1111661 11161, 616 26 11161 1113 6111616161· 11001611; (1611 1161101161 ΠῚΓΡ (16 punc-

166116 11611 ’ἔἼι-ᾉᾎ cf. 111311. Ρ6. 16 ; 2.

Η61 116111οᾶ 0111 (11611 1166111 (166 11661611 611 16 6111611611, werd 16161· 66610161
op LeV. 24 : 16. Wij vinden (1661 1161 1061161166 11611166] 17611 (1611 20011 661161·
161661161166116 11106117 611 11611 6611 Egyptisohen 111611, (116 (1611 NAAM lasterde. (111
(16 ὃ1616110116126111116 worden (16611113 1163111616 1611616 6611161111.) 13661611 heeft
111611, 0166110011 6611661 1611 0111661116, 61661616, (161 1113 (1611 1166111 Π1Π’ 116(161166-
sproken. Dientengevolge 16 1161 611661611611 11611 (11611 1166111 111 161661 1761’(1111611611.

En men 166 er voor 111 (16 1116616 ’ξἾι-κξ 611 0³:5³7&-

1361 1·66(16 11011 116 (16 11611166661161) 1161 6611111111 11611 (1611 1166111 ΠἹΠ’ 1611611311
116(1 0116611066611, 11611 0116 1111311611 611 (16 8661666161. 1316 116611116111 0116161
1161116116611 (1001· ὁ κύριος.

En nu 16 61· 016161· 0116, Ρ1·016616111611, 11161 611·13(1 01161· 66110616, of wij 111 (16
Β13116111611611116 111061611 2611611 „Jehova” of ,,Η661·6”. Onder (16 goede 6616101-
meerden geldt 16 (11611 661121611 (16 opime, (161 11113 ,,Η6616” 111061611 [1611066611.
Α16 (16 Η6616 ,16266 611 213116 6606161611 611- 116106ᾶο Τ66161116111611661611, 611 (16
1166111 ΠΊΓΡ 1101111 111 hun 611661 11001, (1611 162611 11713 611006 ὁ κύριος. 136 1161161166
17611 (16 septuag-int, ofsohoon op 21611261116 66611 6610111611, 1610611 (1001 (1611
Η6616 611 213116 6906161611 666666110116616.

Μ61161·(166(1 1161 61· 111 (1611 1166111 nm* 0011 26111 66116 011611316116113116 (1163116.
(161 111113 1113 1161 11621666 11611 (11611 1166111 111761 110066161116116 611 661·1116(11611106611

2136. Βο11611ᾶ1611, 0116 170111 1161611661 1161 111001·(1 ,,Η661·6”, 111661 ,,]6110176” 16 170017
16

