134

College-dictaat van een der studenton (Dogmaiziek).

een brood en 261 200 66 6666161111(6 weh op zijde3 6661 hij 666166166611 11161
21111 6666161111( 11661666 16 1666, 666 1111111 1111 66110012616611 666 66 111161 11611
2116 26661111( leven en 616611 11161. Ε611 61111661 16 6611 001106 16061, wat zijn
1161161661111( 11661666 11611611, 200 61106616 1110661111( 2166 weg 16 Romen, en 10611,
200 1111 1161 (1061, 1116661 1111 6666 6666 1166 16111616, 616 21111 6666161111( 10661666
116111161161. Ε666 1606661, 1111161 kind 6611 6666 10661661161111(6 2161(16 11161, 111061,
261 211 66 111161 11001 haar 1161166111 66110012661611, 661 kind laten 1166611 2011661·
hulp; 6061 211 611 1116616666 6611 boet 211 11661· 6666161111( 11661666 in.

0116161 10011611 616 1111166 11111611 16 1161 161166 116661 elkaar, 001( op welen-
schappelijk gyebied, in 6611 611116 1666611611 (16 1161111111111(6 66 6666166166 11116166-
sehappen3 6166 116616 66 11161 der natuurlijke op (16 66661611166 6616666661) 106 611
61661666 11161 6116 6666166166 1116166661161) 111 166161161161116 16 11611116116611. De
«0116111616111661-106 16611 16 dien opzivhte dan 001( 111661· 611 111661· 1(01111 16, 661
616 111166 61061166 6611666616 worden 611( 11661· 616611 111161 611 611( 6666 61206661·-
lijke 616111066 1101666.

De dubbele 11111 16 66 1611616626 611 6111166116 1166611011ν111116 16 6116 61616
1116611166, 66611 1(1·661 661· wanhoop om 6611 1111111166 16 11111666,111661661111011616
66110012616611 6611 66 111161, (116 111111 op ’1 66116616 6611166 06166Ι(Ι(66, 16 616 wij
001( 111 1161 61611111( leven 101 op zokere 1100616 νν661·116111611; menig dier 10611
61611 21611 in 66 waagschaal 11001· 211116 10116611. 111 11611666661161111( 1611611 1(0611
616 6111111616 11111 1661 110116 1(1·66111 1111 16 066 6161101011116611 11661666.

Op 616 11166161· 111061 6116 001( 1161 1611616626 66 1161 6111166116161166 1116111616-
16616 6001 611(611(161· 11611666616; 66 1611616161 11001· 1161 26661111( 161166 16 6161 af
16 161666 1111 66 6066616661166 01161111161116 611 0111661(661·(1. Η61 26661111( leven
te laten 116116616611611 (1001· 66 6066616661166 01161111161116, 6666111661 6001· 116111,
616 2(;61; 616 God 1611 11161 11611 11111116 11111101·1(162166 ν61·261(61·1, dan (1061 (16
201166 61· 001( 61616 106; 61166 16 11666616, 6116 66 11( 161111 gang. Die 1116 kwam
66616001· op, 661 66 predikers van 1161 Εν61166116, 1111661· 211 1111111666 prediking
op 616 616116 6111666 16166111 1111161666, 16 1116616 van (16 (1111161116 6066 uitkomen,
(116 106166 6001· 616661· 1111616611 66 66666 61601 1161 666 1111 1161 ander opkwam.

066 2011616 1161-1 6111111 666166 21111( 6611 6111111116 666 016 6611 6611 616116 11611
1161 26661111( leven 16 0616061611, 66 1116261166 10111 111661(1 nude Ε111166116
1161111116 16 1666601161666161666 216. Uit 66 11616611116661611 11611 1161 26661111(
1611611 16161 211 (16 6066616661166 1116616616 af; 61611 zegt: waar 16 alles, wat qood
is, (joed 16 61166, 11161 ιυααν 16, (116 1111166 worden dus door 1166 1161166666 61166616
door 66 (11·161(66, (116 26116 101 16 1161 1110016 καλουκάγαθου (116 6616666166111116
(16666 uitkomen. 611 dat 11611116116611 6666111661 200, (161211 61661· 6611 1161 zedelijke
6611 6611 1161 60666161161166 6610011611, (la-t 1161 6111166116 1111661166111161 11110161.

56111616116611161· 111 211116 0066161161( 0666120616, dan 001( 66161 666 mensch,

